Roll Number: 102303496
a_r: 0.05
b_r: 0.6

--- Estimated Parameters ---
mu: 25.810230670014192
lambda: 0.0014604852717727988
c: 0.02156123606454654
